4294967294,1016
4294967294,460
4294967279,291
4294967278,287
4294967279,290
4294967278,286
4294967293,131
4294967293,130
4294967293,129
4294967293,128
4294967293,127
4294967293,126
4294967293,125
4294967293,124
4294967293,123
4294967293,122
4294967293,121
4294967293,120
4294967293,119
4294967293,118
4294967293,117
4294967293,116
4294967293,115
4294967293,114
4294967293,113
4294967293,112
4294967293,111
4294967293,110
4294967293,109
4294967293,108
4294967293,107
4294967293,106
4294967293,105
4294967293,104
4294967293,103
4294967293,102
4294967293,101
4294967293,100
4294967293,99
4294967293,98
4294967293,97
4294967293,96
4294967293,95
4294967293,94
4294967293,93
4294967293,92
4294967293,91
4294967293,90
4294967293,89
4294967293,88
4294967293,87
4294967293,86
4294967293,85
4294967293,84
4294967293,83
4294967293,82
4294967293,81
4294967293,80
4294967293,79
4294967293,78
4294967293,77
4294967293,76
4294967293,75
4294967293,74
4294967293,73
4294967293,72
4294967293,71
4294967293,70
4294967293,69
4294967293,68
4294967293,67
4294967293,66
4294967293,65
4294967293,64
4294967293,63
4294967293,62
4294967293,61
4294967293,60
4294967293,59
4294967293,58
4294967293,57
4294967293,56
4294967293,55
4294967293,54
4294967293,53
4294967293,52
4294967293,51
4294967293,50
4294967293,49
4294967293,48
4294967293,47
4294967293,46
4294967293,45
4294967293,44
4294967293,43
4294967293,42
4294967293,41
4294967293,40
4294967293,39
4294967293,38
4294967293,37
4294967293,36
4294967293,35
4294967293,34
4294967293,33
4294967293,32
4294967293,31
4294967293,30
4294967293,29
4294967293,28
4294967293,27
4294967293,26
4294967293,25
4294967293,24
4294967293,23
4294967293,22
4294967293,21
4294967293,20
4294967293,19
4294967293,18
4294967293,17
4294967293,16
4294967293,15
4294967293,14
4294967293,13
4294967293,12
4294967293,11
4294967293,10
4294967293,9
4294967293,8
4294967293,7
4294967293,6
4294967293,5
4294967293,4
4294967293,3
4294967293,2
4243767290,0
4243767289,0
4243767288,0
4243767287,0
4243767286,0
4243767285,0
4243767284,0
4243767283,0
4243767282,0
4243767281,0
4294967293,0
4294967278,89
4294967278,203
4294967278,90
4294967278,204
4294967278,205
4294967278,91
4294967278,92
4294967278,206
4294967278,93
4294967278,207
4294967278,208
4294967278,94
4294967278,209
4294967278,95
4294967278,210
4294967278,96
4294967278,97
4294967278,211
4294967278,98
4294967278,212
4294967278,213
4294967278,99
4294967278,100
4294967278,216
4294967278,101
4294967278,214
4294967278,218
4294967278,215
4294967278,220
4294967278,102
4294967278,217
4294967278,103
4294967278,219
4294967278,222
4294967278,104
4294967278,224
4294967278,105
4294967278,221
4294967278,226
4294967278,223
4294967278,228
4294967278,106
4294967278,225
4294967278,107
4294967278,227
4294967278,230
4294967278,108
4294967278,109
4294967278,232
4294967278,229
4294967278,234
4294967278,236
4294967278,231
4294967278,110
4294967278,233
4294967278,235
4294967278,111
4294967278,237
4294967278,112
4294967278,113
4294967278,114
4294967278,240
4294967278,242
4294967278,238
4294967278,239
4294967278,244
4294967278,115
4294967278,241
4294967278,116
4294967278,243
4294967278,246
4294967278,117
4294967278,118
4294967278,247
4294967278,245
4294967278,250
4294967278,248
4294967278,119
4294967278,120
4294967278,249
4294967278,121
4294967278,251
4294967278,252
4294967278,122
4294967278,123
4294967278,253
4294967278,124
4294967278,125
4294967278,126
4294967278,254
4294967278,127
4294967278,255
4294967278,129
4294967278,128
4294967278,130
4294967278,131
4294967278,132
4294967278,3
4294967279,3
0,5
0,6
4294967279,260
4294967279,511
4294967279,510
4294967279,509
4294967279,508
4294967279,507
4294967279,506
4294967279,505
4294967279,504
4294967279,503
4294967279,502
4294967279,501
4294967279,500
4294967279,499
4294967279,498
4294967279,497
4294967279,496
4294967279,495
4294967279,494
4294967279,493
4294967279,492
4294967279,491
4294967279,490
4294967279,489
4294967279,488
4294967279,487
4294967279,486
4294967279,485
4294967279,484
4294967279,483
4294967279,482
4294967279,481
4294967279,480
4294967279,88
4294967279,133
4294967279,415
4294967279,414
4294967279,413
4294967279,412
4294967279,411
4294967279,410
4294967279,409
4294967279,408
4294967279,407
4294967279,406
4294967279,405
4294967279,404
4294967279,403
4294967279,402
4294967279,401
4294967279,400
4294967279,399
4294967279,398
4294967279,397
4294967279,396
4294967279,395
4294967279,394
4294967279,174
4294967279,447
4294967279,446
4294967279,445
4294967279,444
4294967279,443
4294967279,442
4294967279,441
4294967279,440
4294967279,439
4294967279,438
4294967279,437
4294967279,436
4294967279,435
4294967279,434
4294967279,433
4294967279,432
4294967279,431
4294967279,430
4294967279,429
4294967279,428
4294967279,427
4294967279,426
4294967279,425
4294967279,424
4294967279,423
4294967279,422
4294967279,421
4294967279,420
4294967279,419
4294967279,418
4294967279,417
4294967279,416
4294967279,479
4294967279,478
4294967279,477
4294967279,476
4294967279,475
4294967279,474
4294967279,473
4294967279,472
4294967279,471
